{
 "cells": [
  {
   "cell_type": "code",
   "execution_count": 2,
   "metadata": {},
   "outputs": [],
   "source": [
    "from svm import SVC\n",
    "import numpy as np\n",
    "from sklearn import datasets\n",
    "from sklearn import preprocessing"
   ]
  },
  {
   "cell_type": "code",
   "execution_count": 3,
   "metadata": {},
   "outputs": [],
   "source": [
    "data = datasets.load_iris()\n",
    "#print(data.keys())\n",
    "x = data['data']\n",
    "y = data['target']\n",
    "x = preprocessing.normalize(x)"
   ]
  },
  {
   "cell_type": "code",
   "execution_count": 4,
   "metadata": {},
   "outputs": [
    {
     "data": {
      "text/plain": [
       "0.9666666666666667"
      ]
     },
     "execution_count": 4,
     "metadata": {},
     "output_type": "execute_result"
    }
   ],
   "source": [
    "from metrics import accuracy\n",
    "from kernels import gauss_kernel\n",
    "\n",
    "clf = SVC(kernel=gauss_kernel, C=10, gamma=10)\n",
    "clf.train(x, y)\n",
    "y_pred = clf.predict(x)\n",
    "accuracy(y, y_pred)\n"
   ]
  },
  {
   "cell_type": "code",
   "execution_count": 5,
   "metadata": {},
   "outputs": [
    {
     "data": {
      "text/plain": [
       "0.96"
      ]
     },
     "execution_count": 5,
     "metadata": {},
     "output_type": "execute_result"
    }
   ],
   "source": [
    "from sklearn import svm\n",
    "clf_sk = svm.SVC(probability=True, gamma=0.1)\n",
    "clf_sk.fit(x, y)\n",
    "y_pred = clf_sk.predict(x)\n",
    "accuracy(y, y_pred)"
   ]
  },
  {
   "cell_type": "code",
   "execution_count": 6,
   "metadata": {},
   "outputs": [
    {
     "data": {
      "text/plain": [
       "array([[9.95600787e-01, 1.19617485e-04, 4.27959588e-03],\n",
       "       [9.90310813e-01, 1.85780291e-03, 7.83138437e-03],\n",
       "       [9.95238014e-01, 1.40690396e-04, 4.62129515e-03],\n",
       "       [9.88259155e-01, 2.29088265e-03, 9.44996233e-03],\n",
       "       [9.96034358e-01, 9.28108597e-05, 3.87283111e-03],\n",
       "       [9.90716478e-01, 1.71043105e-03, 7.57309131e-03],\n",
       "       [9.94233293e-01, 1.86721488e-04, 5.57998596e-03],\n",
       "       [9.93546376e-01, 2.59439236e-04, 6.19418524e-03],\n",
       "       [9.88315812e-01, 2.28587018e-03, 9.39831816e-03],\n",
       "       [9.90088424e-01, 1.90811246e-03, 8.00346343e-03],\n",
       "       [9.95440511e-01, 1.29125718e-04, 4.43036363e-03],\n",
       "       [9.89549611e-01, 1.98106046e-03, 8.46932884e-03],\n",
       "       [9.92931248e-01, 3.41971103e-04, 6.72678131e-03],\n",
       "       [9.97076389e-01, 5.24576094e-05, 2.87115334e-03],\n",
       "       [9.98275516e-01, 1.76030501e-05, 1.70688113e-03],\n",
       "       [9.97031618e-01, 4.64804034e-05, 2.92190153e-03],\n",
       "       [9.97081891e-01, 4.73481440e-05, 2.87076072e-03],\n",
       "       [9.95012277e-01, 1.50083828e-04, 4.83763944e-03],\n",
       "       [9.91067101e-01, 1.66314394e-03, 7.26975456e-03],\n",
       "       [9.95300770e-01, 1.23866863e-04, 4.57536323e-03],\n",
       "       [9.87314214e-01, 2.55136332e-03, 1.01344223e-02],\n",
       "       [9.94094448e-01, 1.95698103e-04, 5.70985429e-03],\n",
       "       [9.98642948e-01, 9.44429312e-06, 1.34760721e-03],\n",
       "       [9.78045728e-01, 4.88674500e-03, 1.70675266e-02],\n",
       "       [9.75870481e-01, 5.50265423e-03, 1.86268644e-02],\n",
       "       [9.83099729e-01, 3.66571249e-03, 1.32345589e-02],\n",
       "       [9.86814761e-01, 2.59857977e-03, 1.05866594e-02],\n",
       "       [9.94311941e-01, 2.04003474e-04, 5.48405513e-03],\n",
       "       [9.95105441e-01, 1.54824423e-04, 4.73973442e-03],\n",
       "       [9.86414802e-01, 2.72299567e-03, 1.08622019e-02],\n",
       "       [9.84753649e-01, 3.17000473e-03, 1.20763467e-02],\n",
       "       [9.90280785e-01, 1.84011232e-03, 7.87910297e-03],\n",
       "       [9.97224202e-01, 4.23249235e-05, 2.73347266e-03],\n",
       "       [9.97747521e-01, 2.77933693e-05, 2.22468519e-03],\n",
       "       [9.90088424e-01, 1.90811246e-03, 8.00346343e-03],\n",
       "       [9.96401369e-01, 8.45077390e-05, 3.51412323e-03],\n",
       "       [9.96585027e-01, 7.67281193e-05, 3.33824529e-03],\n",
       "       [9.90088424e-01, 1.90811246e-03, 8.00346343e-03],\n",
       "       [9.93780843e-01, 2.38808912e-04, 5.98034855e-03],\n",
       "       [9.93592597e-01, 2.60414338e-04, 6.14698853e-03],\n",
       "       [9.96152946e-01, 8.71439163e-05, 3.75991046e-03],\n",
       "       [9.75489337e-01, 6.06695664e-03, 1.84437059e-02],\n",
       "       [9.95166894e-01, 1.36231977e-04, 4.69687428e-03],\n",
       "       [9.84841123e-01, 3.01739890e-03, 1.21414786e-02],\n",
       "       [9.82225499e-01, 3.65863920e-03, 1.41158622e-02],\n",
       "       [9.88790454e-01, 2.18598957e-03, 9.02355627e-03],\n",
       "       [9.94631039e-01, 1.65958947e-04, 5.20300209e-03],\n",
       "       [9.93605055e-01, 2.48697097e-04, 6.14624745e-03],\n",
       "       [9.95425974e-01, 1.27708504e-04, 4.44631738e-03],\n",
       "       [9.94476495e-01, 1.95265468e-04, 5.32823951e-03],\n",
       "       [2.39561064e-02, 5.04385917e-01, 4.71657976e-01],\n",
       "       [2.01347745e-02, 5.07738243e-01, 4.72126983e-01],\n",
       "       [1.41194416e-02, 5.10832738e-01, 4.75047821e-01],\n",
       "       [8.55833840e-03, 5.15661887e-01, 4.75779775e-01],\n",
       "       [1.17339875e-02, 5.12729825e-01, 4.75536187e-01],\n",
       "       [8.60971651e-03, 5.16508467e-01, 4.74881816e-01],\n",
       "       [1.44257226e-02, 5.12243124e-01, 4.73331154e-01],\n",
       "       [2.90398727e-02, 5.02422776e-01, 4.68537351e-01],\n",
       "       [1.66089091e-02, 5.08539212e-01, 4.74851879e-01],\n",
       "       [1.24616334e-02, 5.13980908e-01, 4.73557459e-01],\n",
       "       [1.17855781e-02, 5.11729848e-01, 4.76484574e-01],\n",
       "       [1.78175526e-02, 5.09648886e-01, 4.72533561e-01],\n",
       "       [1.53178436e-02, 5.07884074e-01, 4.76798083e-01],\n",
       "       [9.05915070e-03, 5.15843110e-01, 4.75097739e-01],\n",
       "       [4.11021487e-02, 4.98755775e-01, 4.60142076e-01],\n",
       "       [2.75097019e-02, 5.02826117e-01, 4.69664181e-01],\n",
       "       [8.65038399e-03, 5.17699017e-01, 4.73650599e-01],\n",
       "       [2.07664941e-02, 5.05860988e-01, 4.73372517e-01],\n",
       "       [5.18005380e-03, 5.19040378e-01, 4.75779568e-01],\n",
       "       [1.76428011e-02, 5.07931054e-01, 4.74426145e-01],\n",
       "       [6.95822085e-03, 5.20262107e-01, 4.72779672e-01],\n",
       "       [2.64838426e-02, 5.03338684e-01, 4.70177473e-01],\n",
       "       [4.47456018e-03, 5.20680796e-01, 4.74844644e-01],\n",
       "       [9.47336664e-03, 5.14678920e-01, 4.75847713e-01],\n",
       "       [2.27935673e-02, 5.05011653e-01, 4.72194779e-01],\n",
       "       [2.31406898e-02, 5.04991143e-01, 4.71868167e-01],\n",
       "       [1.17857367e-02, 5.11998451e-01, 4.76215813e-01],\n",
       "       [8.17513144e-03, 5.16775209e-01, 4.75049660e-01],\n",
       "       [1.05094272e-02, 5.14879146e-01, 4.74611426e-01],\n",
       "       [4.70467869e-02, 4.95429469e-01, 4.57523744e-01],\n",
       "       [1.69670010e-02, 5.08298204e-01, 4.74734795e-01],\n",
       "       [2.23548206e-02, 5.04660702e-01, 4.72984477e-01],\n",
       "       [2.43254019e-02, 5.04425212e-01, 4.71249387e-01],\n",
       "       [3.06720567e-03, 5.24552403e-01, 4.72380391e-01],\n",
       "       [7.31929059e-03, 5.19578470e-01, 4.73102240e-01],\n",
       "       [1.77987888e-02, 5.10650029e-01, 4.71551182e-01],\n",
       "       [1.64174187e-02, 5.09451632e-01, 4.74130950e-01],\n",
       "       [8.85008916e-03, 5.14092910e-01, 4.77057001e-01],\n",
       "       [1.99703803e-02, 5.08298602e-01, 4.71731018e-01],\n",
       "       [1.12763297e-02, 5.13559933e-01, 4.75163737e-01],\n",
       "       [7.15634126e-03, 5.17717940e-01, 4.75125718e-01],\n",
       "       [1.19406135e-02, 5.13397479e-01, 4.74661908e-01],\n",
       "       [1.81003455e-02, 5.07827876e-01, 4.74071779e-01],\n",
       "       [2.73581119e-02, 5.02710422e-01, 4.69931466e-01],\n",
       "       [1.13998391e-02, 5.13771823e-01, 4.74828338e-01],\n",
       "       [1.98948914e-02, 5.07869264e-01, 4.72235844e-01],\n",
       "       [1.60469756e-02, 5.10432159e-01, 4.73520866e-01],\n",
       "       [1.98168828e-02, 5.07067387e-01, 4.73115730e-01],\n",
       "       [6.18174151e-02, 4.93939357e-01, 4.44243228e-01],\n",
       "       [1.66895246e-02, 5.09736877e-01, 4.73573598e-01],\n",
       "       [1.33902115e-03, 5.32740420e-01, 4.65920559e-01],\n",
       "       [2.04904631e-03, 5.28347540e-01, 4.69603414e-01],\n",
       "       [2.56753595e-03, 5.25829222e-01, 4.71603242e-01],\n",
       "       [2.19857361e-03, 5.27186147e-01, 4.70615280e-01],\n",
       "       [1.71541892e-03, 5.29581886e-01, 4.68702695e-01],\n",
       "       [1.68100298e-03, 5.27875204e-01, 4.70443793e-01],\n",
       "       [1.91410676e-03, 5.29631924e-01, 4.68453969e-01],\n",
       "       [2.05101396e-03, 5.26186817e-01, 4.71762169e-01],\n",
       "       [1.52214439e-03, 5.28089964e-01, 4.70387892e-01],\n",
       "       [3.14293621e-03, 5.26306829e-01, 4.70550235e-01],\n",
       "       [6.14561492e-03, 5.20670549e-01, 4.73183836e-01],\n",
       "       [2.60454348e-03, 5.25743756e-01, 4.71651700e-01],\n",
       "       [3.35985649e-03, 5.24479652e-01, 4.72160492e-01],\n",
       "       [1.55447807e-03, 5.30099872e-01, 4.68345650e-01],\n",
       "       [1.62054074e-03, 5.31383994e-01, 4.66995465e-01],\n",
       "       [3.49890899e-03, 5.25775947e-01, 4.70725144e-01],\n",
       "       [3.28928586e-03, 5.24388174e-01, 4.72322540e-01],\n",
       "       [3.26496950e-03, 5.25000471e-01, 4.71734560e-01],\n",
       "       [8.28333023e-04, 5.31867049e-01, 4.67304618e-01],\n",
       "       [2.06304259e-03, 5.25773926e-01, 4.72163032e-01],\n",
       "       [3.06070741e-03, 5.25805400e-01, 4.71133892e-01],\n",
       "       [2.39655284e-03, 5.28243439e-01, 4.69360008e-01],\n",
       "       [1.42894890e-03, 5.28221926e-01, 4.70349125e-01],\n",
       "       [4.49816777e-03, 5.21856542e-01, 4.73645290e-01],\n",
       "       [3.36065335e-03, 5.25219956e-01, 4.71419390e-01],\n",
       "       [3.67661138e-03, 5.22960910e-01, 4.73362479e-01],\n",
       "       [5.41027079e-03, 5.20848569e-01, 4.73741160e-01],\n",
       "       [5.49728071e-03, 5.21337157e-01, 4.73165563e-01],\n",
       "       [1.72833425e-03, 5.29069070e-01, 4.69202596e-01],\n",
       "       [4.37566700e-03, 5.20880165e-01, 4.74744168e-01],\n",
       "       [2.35152367e-03, 5.25188407e-01, 4.72460070e-01],\n",
       "       [5.83980779e-03, 5.20050167e-01, 4.74110025e-01],\n",
       "       [1.61679339e-03, 5.29730381e-01, 4.68652825e-01],\n",
       "       [4.80849883e-03, 5.20813495e-01, 4.74378006e-01],\n",
       "       [1.76249384e-03, 5.27319772e-01, 4.70917734e-01],\n",
       "       [2.76807381e-03, 5.24939703e-01, 4.72292223e-01],\n",
       "       [2.58095324e-03, 5.28616532e-01, 4.68802515e-01],\n",
       "       [3.41088367e-03, 5.24509846e-01, 4.72079270e-01],\n",
       "       [5.87823649e-03, 5.20999381e-01, 4.73122382e-01],\n",
       "       [4.60238416e-03, 5.22272772e-01, 4.73124844e-01],\n",
       "       [2.50461300e-03, 5.27518548e-01, 4.69976839e-01],\n",
       "       [5.96963472e-03, 5.20779225e-01, 4.73251141e-01],\n",
       "       [2.04904631e-03, 5.28347540e-01, 4.69603414e-01],\n",
       "       [2.22920870e-03, 5.28043069e-01, 4.69727723e-01],\n",
       "       [2.58201552e-03, 5.27929524e-01, 4.69488461e-01],\n",
       "       [4.01510843e-03, 5.23896822e-01, 4.72088070e-01],\n",
       "       [2.84649865e-03, 5.24897342e-01, 4.72256159e-01],\n",
       "       [4.25172927e-03, 5.23068902e-01, 4.72679369e-01],\n",
       "       [3.31241894e-03, 5.26917300e-01, 4.69770281e-01],\n",
       "       [3.49821672e-03, 5.25018256e-01, 4.71483528e-01]])"
      ]
     },
     "execution_count": 6,
     "metadata": {},
     "output_type": "execute_result"
    }
   ],
   "source": [
    "#VERY INTERESTING COMPARING WITH SKLEARN WE CAN SEE THAT THE DIFFERENCE BETWEEN CLASS 1 AND 2 IS MINIMUM\n",
    "clf_sk.get_params()\n",
    "clf_sk.predict_proba(x)"
   ]
  },
  {
   "cell_type": "code",
   "execution_count": 7,
   "metadata": {},
   "outputs": [
    {
     "data": {
      "text/plain": [
       "array([0, 0, 0, 0, 0, 0, 0, 0, 0, 0, 0, 0, 0, 0, 0, 0, 0, 0, 0, 0, 0, 0,\n",
       "       0, 0, 0, 0, 0, 0, 0, 0, 0, 0, 0, 0, 0, 0, 0, 0, 0, 0, 0, 0, 0, 0,\n",
       "       0, 0, 0, 0, 0, 0, 1, 1, 1, 1, 1, 1, 1, 1, 1, 1, 1, 1, 1, 1, 1, 1,\n",
       "       2, 1, 2, 1, 2, 1, 2, 1, 1, 1, 1, 1, 1, 1, 1, 1, 1, 2, 2, 1, 1, 1,\n",
       "       1, 1, 1, 1, 1, 1, 1, 1, 1, 1, 1, 1, 2, 2, 2, 2, 2, 2, 2, 2, 2, 2,\n",
       "       2, 2, 2, 2, 2, 2, 2, 2, 2, 2, 2, 2, 2, 2, 2, 2, 2, 2, 2, 2, 2, 2,\n",
       "       2, 2, 2, 2, 2, 2, 2, 2, 2, 2, 2, 2, 2, 2, 2, 2, 2, 2])"
      ]
     },
     "execution_count": 7,
     "metadata": {},
     "output_type": "execute_result"
    }
   ],
   "source": [
    "clf_sk.predict(x)"
   ]
  },
  {
   "cell_type": "code",
   "execution_count": null,
   "metadata": {},
   "outputs": [],
   "source": []
  },
  {
   "cell_type": "code",
   "execution_count": null,
   "metadata": {},
   "outputs": [],
   "source": []
  }
 ],
 "metadata": {
  "kernelspec": {
   "display_name": "Python 3",
   "language": "python",
   "name": "python3"
  },
  "language_info": {
   "codemirror_mode": {
    "name": "ipython",
    "version": 3
   },
   "file_extension": ".py",
   "mimetype": "text/x-python",
   "name": "python",
   "nbconvert_exporter": "python",
   "pygments_lexer": "ipython3",
   "version": "3.6.5"
  }
 },
 "nbformat": 4,
 "nbformat_minor": 2
}
