{
 "cells": [
  {
   "cell_type": "code",
   "execution_count": 1,
   "metadata": {},
   "outputs": [],
   "source": [
    "import sys\n",
    "sys.path.append(\"..\")\n",
    "from svm import SVC\n",
    "import numpy as np\n",
    "from sklearn import datasets\n",
    "from sklearn import preprocessing"
   ]
  },
  {
   "cell_type": "code",
   "execution_count": 2,
   "metadata": {},
   "outputs": [],
   "source": [
    "data = datasets.load_iris()\n",
    "#print(data.keys())\n",
    "x = data['data']\n",
    "y = data['target']\n",
    "x = preprocessing.normalize(x)"
   ]
  },
  {
   "cell_type": "code",
   "execution_count": 3,
   "metadata": {},
   "outputs": [
    {
     "data": {
      "text/plain": [
       "0.9666666666666667"
      ]
     },
     "execution_count": 3,
     "metadata": {},
     "output_type": "execute_result"
    }
   ],
   "source": [
    "from metrics import accuracy\n",
    "from kernels import gauss_kernel\n",
    "\n",
    "clf = SVC(kernel=gauss_kernel, C=10, gamma=10)\n",
    "clf.train(x, y)\n",
    "y_pred = clf.predict(x)\n",
    "accuracy(y, y_pred)\n"
   ]
  },
  {
   "cell_type": "code",
   "execution_count": 4,
   "metadata": {},
   "outputs": [
    {
     "data": {
      "text/plain": [
       "0.96"
      ]
     },
     "execution_count": 4,
     "metadata": {},
     "output_type": "execute_result"
    }
   ],
   "source": [
    "from sklearn import svm\n",
    "clf_sk = svm.SVC(probability=True, gamma=0.1)\n",
    "clf_sk.fit(x, y)\n",
    "y_pred = clf_sk.predict(x)\n",
    "accuracy(y, y_pred)"
   ]
  },
  {
   "cell_type": "code",
   "execution_count": 5,
   "metadata": {},
   "outputs": [
    {
     "data": {
      "text/plain": [
       "array([[9.92465212e-01, 6.11623749e-04, 6.92316459e-03],\n",
       "       [9.83796066e-01, 4.03505927e-03, 1.21688749e-02],\n",
       "       [9.90238726e-01, 2.10125806e-03, 7.66001598e-03],\n",
       "       [9.80587624e-01, 4.93095770e-03, 1.44814184e-02],\n",
       "       [9.93205955e-01, 4.89988970e-04, 6.30405621e-03],\n",
       "       [9.84686823e-01, 3.55044774e-03, 1.17627292e-02],\n",
       "       [9.88356778e-01, 2.53194213e-03, 9.11128024e-03],\n",
       "       [9.86955586e-01, 2.99710531e-03, 1.00473083e-02],\n",
       "       [9.80650712e-01, 4.93766141e-03, 1.44116261e-02],\n",
       "       [9.83431764e-01, 4.14992721e-03, 1.24183092e-02],\n",
       "       [9.90633395e-01, 2.00018610e-03, 7.36641869e-03],\n",
       "       [9.82736981e-01, 4.19710314e-03, 1.30659161e-02],\n",
       "       [9.85672552e-01, 3.46831729e-03, 1.08591308e-02],\n",
       "       [9.94927334e-01, 3.04040419e-04, 4.76862519e-03],\n",
       "       [9.96943569e-01, 1.20078068e-04, 2.93635254e-03],\n",
       "       [9.94888808e-01, 2.67466475e-04, 4.84372534e-03],\n",
       "       [9.94959923e-01, 2.74303116e-04, 4.76577359e-03],\n",
       "       [9.89814907e-01, 2.19562461e-03, 7.98946864e-03],\n",
       "       [9.85139703e-01, 3.52290614e-03, 1.13373911e-02],\n",
       "       [9.90412378e-01, 2.00501507e-03, 7.58260739e-03],\n",
       "       [9.78927910e-01, 5.59562953e-03, 1.54764600e-02],\n",
       "       [9.88091065e-01, 2.60172145e-03, 9.30721381e-03],\n",
       "       [9.97574989e-01, 6.89686262e-05, 2.35604193e-03],\n",
       "       [9.64262157e-01, 1.06309172e-02, 2.51069255e-02],\n",
       "       [9.60810217e-01, 1.19598504e-02, 2.72299323e-02],\n",
       "       [9.71953865e-01, 8.17521880e-03, 1.98709161e-02],\n",
       "       [9.78361385e-01, 5.55374354e-03, 1.60848711e-02],\n",
       "       [9.88427326e-01, 2.59513687e-03, 8.97753728e-03],\n",
       "       [9.89956990e-01, 2.19803629e-03, 7.84497420e-03],\n",
       "       [9.77620352e-01, 5.89110768e-03, 1.64885404e-02],\n",
       "       [9.74822730e-01, 6.95910345e-03, 1.82181664e-02],\n",
       "       [9.83840836e-01, 3.93403298e-03, 1.22251307e-02],\n",
       "       [9.95198547e-01, 2.48915889e-04, 4.55253741e-03],\n",
       "       [9.96068309e-01, 1.74230970e-04, 3.75746001e-03],\n",
       "       [9.83431764e-01, 4.14992721e-03, 1.24183092e-02],\n",
       "       [9.93779699e-01, 4.59120852e-04, 5.76117971e-03],\n",
       "       [9.94084759e-01, 4.23571539e-04, 5.49166924e-03],\n",
       "       [9.83431764e-01, 4.14992721e-03, 1.24183092e-02],\n",
       "       [9.87415566e-01, 2.85961599e-03, 9.72481838e-03],\n",
       "       [9.87029037e-01, 2.99218715e-03, 9.97877625e-03],\n",
       "       [9.93403456e-01, 4.64336796e-04, 6.13220768e-03],\n",
       "       [9.59167897e-01, 1.36917550e-02, 2.71403478e-02],\n",
       "       [9.90133466e-01, 2.09510435e-03, 7.77142950e-03],\n",
       "       [9.75372716e-01, 6.37560321e-03, 1.82516804e-02],\n",
       "       [9.71224426e-01, 7.77615756e-03, 2.09994164e-02],\n",
       "       [9.81385352e-01, 4.73490687e-03, 1.38797413e-02],\n",
       "       [9.89105275e-01, 2.35229525e-03, 8.54242988e-03],\n",
       "       [9.87089329e-01, 2.93835627e-03, 9.97231434e-03],\n",
       "       [9.90613757e-01, 1.99644429e-03, 7.38979824e-03],\n",
       "       [9.88736439e-01, 2.52098441e-03, 8.74257687e-03],\n",
       "       [2.72477581e-02, 4.85622896e-01, 4.87129346e-01],\n",
       "       [2.32693271e-02, 4.87808505e-01, 4.88922168e-01],\n",
       "       [1.67441072e-02, 4.90443997e-01, 4.92811896e-01],\n",
       "       [1.05601604e-02, 4.94055292e-01, 4.95384547e-01],\n",
       "       [1.41203899e-02, 4.91875701e-01, 4.94003909e-01],\n",
       "       [1.06346020e-02, 4.94444694e-01, 4.94920704e-01],\n",
       "       [1.71326820e-02, 4.91037976e-01, 4.91829342e-01],\n",
       "       [3.25967111e-02, 4.83977396e-01, 4.83425893e-01],\n",
       "       [1.94268035e-02, 4.88852870e-01, 4.91720327e-01],\n",
       "       [1.49761389e-02, 4.92295602e-01, 4.92728259e-01],\n",
       "       [1.41542311e-02, 4.91390883e-01, 4.94454886e-01],\n",
       "       [2.08064934e-02, 4.89128658e-01, 4.90064849e-01],\n",
       "       [1.79802349e-02, 4.88807715e-01, 4.93212051e-01],\n",
       "       [1.11407121e-02, 4.94010672e-01, 4.94848615e-01],\n",
       "       [4.51272376e-02, 4.80950803e-01, 4.73921959e-01],\n",
       "       [3.09795899e-02, 4.84376861e-01, 4.84643549e-01],\n",
       "       [1.07032116e-02, 4.95000508e-01, 4.94296280e-01],\n",
       "       [2.38669521e-02, 4.86832632e-01, 4.89300416e-01],\n",
       "       [6.64426539e-03, 4.96623529e-01, 4.96732206e-01],\n",
       "       [2.05416420e-02, 4.88366543e-01, 4.91091815e-01],\n",
       "       [8.76819334e-03, 4.96687103e-01, 4.94544703e-01],\n",
       "       [2.99103874e-02, 4.84757978e-01, 4.85331634e-01],\n",
       "       [5.81060376e-03, 4.97629849e-01, 4.96559547e-01],\n",
       "       [1.15943617e-02, 4.93350826e-01, 4.95054812e-01],\n",
       "       [2.60241920e-02, 4.86097731e-01, 4.87878077e-01],\n",
       "       [2.63993785e-02, 4.86030975e-01, 4.87569646e-01],\n",
       "       [1.41609318e-02, 4.91517837e-01, 4.94321231e-01],\n",
       "       [1.01357964e-02, 4.94687491e-01, 4.95176712e-01],\n",
       "       [1.27821248e-02, 4.93186820e-01, 4.94031055e-01],\n",
       "       [5.09494723e-02, 4.79116066e-01, 4.69934461e-01],\n",
       "       [1.98122391e-02, 4.88669556e-01, 4.91518205e-01],\n",
       "       [2.55293657e-02, 4.86010584e-01, 4.88460051e-01],\n",
       "       [2.76499402e-02, 4.85581386e-01, 4.86768674e-01],\n",
       "       [4.10885282e-03, 4.99957875e-01, 4.95933272e-01],\n",
       "       [9.18281270e-03, 4.96258684e-01, 4.94558503e-01],\n",
       "       [2.08312887e-02, 4.89594073e-01, 4.89574638e-01],\n",
       "       [1.92494005e-02, 4.89316639e-01, 4.91433961e-01],\n",
       "       [1.08690026e-02, 4.93231869e-01, 4.95899128e-01],\n",
       "       [2.31179514e-02, 4.88095148e-01, 4.88786901e-01],\n",
       "       [1.36231862e-02, 4.92376387e-01, 4.94000427e-01],\n",
       "       [8.96432790e-03, 4.95415658e-01, 4.95620014e-01],\n",
       "       [1.43713344e-02, 4.92142177e-01, 4.93486489e-01],\n",
       "       [2.10399663e-02, 4.88230735e-01, 4.90729299e-01],\n",
       "       [3.08083755e-02, 4.84347299e-01, 4.84844326e-01],\n",
       "       [1.37685928e-02, 4.92446906e-01, 4.93784501e-01],\n",
       "       [2.30137959e-02, 4.87911961e-01, 4.89074243e-01],\n",
       "       [1.88764521e-02, 4.89848628e-01, 4.91274920e-01],\n",
       "       [2.28880500e-02, 4.87558377e-01, 4.89553573e-01],\n",
       "       [6.61098795e-02, 4.77624247e-01, 4.56265874e-01],\n",
       "       [1.95620070e-02, 4.89394137e-01, 4.91043856e-01],\n",
       "       [1.91552106e-03, 5.04559676e-01, 4.93524803e-01],\n",
       "       [2.83473740e-03, 5.02156258e-01, 4.95009004e-01],\n",
       "       [3.48701327e-03, 5.00749495e-01, 4.95763492e-01],\n",
       "       [3.02263835e-03, 5.01539061e-01, 4.95438301e-01],\n",
       "       [2.40494038e-03, 5.02880455e-01, 4.94714605e-01],\n",
       "       [2.35419970e-03, 5.02067488e-01, 4.95578312e-01],\n",
       "       [2.66472353e-03, 5.02828559e-01, 4.94506718e-01],\n",
       "       [2.82887817e-03, 5.01110444e-01, 4.96060677e-01],\n",
       "       [2.14592112e-03, 5.02233297e-01, 4.95620781e-01],\n",
       "       [4.21392235e-03, 5.00778208e-01, 4.95007870e-01],\n",
       "       [7.81216959e-03, 4.97117306e-01, 4.95070524e-01],\n",
       "       [3.53346348e-03, 5.00695014e-01, 4.95771522e-01],\n",
       "       [4.47275180e-03, 4.99822923e-01, 4.95704325e-01],\n",
       "       [2.19467529e-03, 5.03194047e-01, 4.94611278e-01],\n",
       "       [2.28605988e-03, 5.03790157e-01, 4.93923783e-01],\n",
       "       [4.65399119e-03, 5.00400833e-01, 4.94945176e-01],\n",
       "       [4.38459005e-03, 4.99802703e-01, 4.95812707e-01],\n",
       "       [4.35818537e-03, 5.00106232e-01, 4.95535583e-01],\n",
       "       [1.21697973e-03, 5.04349866e-01, 4.94433154e-01],\n",
       "       [2.84277387e-03, 5.00906320e-01, 4.96250907e-01],\n",
       "       [4.10794823e-03, 5.00564705e-01, 4.95327347e-01],\n",
       "       [3.28092622e-03, 5.01977690e-01, 4.94741384e-01],\n",
       "       [2.02294510e-03, 5.02333974e-01, 4.95643081e-01],\n",
       "       [5.84899680e-03, 4.98187824e-01, 4.95963179e-01],\n",
       "       [4.47858154e-03, 5.00179549e-01, 4.95341870e-01],\n",
       "       [4.85430830e-03, 4.98984925e-01, 4.96160766e-01],\n",
       "       [6.93772391e-03, 4.97421703e-01, 4.95640574e-01],\n",
       "       [7.04720704e-03, 4.97629729e-01, 4.95323064e-01],\n",
       "       [2.42013097e-03, 5.02627192e-01, 4.94952677e-01],\n",
       "       [5.69252543e-03, 4.97756956e-01, 4.96550519e-01],\n",
       "       [3.20968179e-03, 5.00517559e-01, 4.96272759e-01],\n",
       "       [7.44152024e-03, 4.96910164e-01, 4.95648316e-01],\n",
       "       [2.27576291e-03, 5.02990674e-01, 4.94733563e-01],\n",
       "       [6.21504916e-03, 4.97589144e-01, 4.96195806e-01],\n",
       "       [2.45895950e-03, 5.01767317e-01, 4.95773724e-01],\n",
       "       [3.73579688e-03, 5.00248903e-01, 4.96015300e-01],\n",
       "       [3.51800721e-03, 5.02091216e-01, 4.94390776e-01],\n",
       "       [4.53636790e-03, 4.99820182e-01, 4.95643450e-01],\n",
       "       [7.49821744e-03, 4.97353716e-01, 4.95148067e-01],\n",
       "       [5.97893738e-03, 4.98355046e-01, 4.95666017e-01],\n",
       "       [3.41526068e-03, 5.01588235e-01, 4.94996504e-01],\n",
       "       [7.60404778e-03, 4.97221340e-01, 4.95174612e-01],\n",
       "       [2.83473740e-03, 5.02156258e-01, 4.95009004e-01],\n",
       "       [3.06559142e-03, 5.01942125e-01, 4.94992284e-01],\n",
       "       [3.51578486e-03, 5.01758940e-01, 4.94725275e-01],\n",
       "       [5.27673458e-03, 4.99324562e-01, 4.95398704e-01],\n",
       "       [3.83419305e-03, 5.00200965e-01, 4.95964841e-01],\n",
       "       [5.55952675e-03, 4.98849478e-01, 4.95590995e-01],\n",
       "       [4.42969453e-03, 5.01014404e-01, 4.94555901e-01],\n",
       "       [4.64803306e-03, 5.00035821e-01, 4.95316146e-01]])"
      ]
     },
     "execution_count": 5,
     "metadata": {},
     "output_type": "execute_result"
    }
   ],
   "source": [
    "#VERY INTERESTING COMPARING WITH SKLEARN WE CAN SEE THAT THE DIFFERENCE BETWEEN CLASS 1 AND 2 IS MINIMUM\n",
    "clf_sk.get_params()\n",
    "clf_sk.predict_proba(x)"
   ]
  },
  {
   "cell_type": "code",
   "execution_count": 6,
   "metadata": {},
   "outputs": [
    {
     "data": {
      "text/plain": [
       "array([0, 0, 0, 0, 0, 0, 0, 0, 0, 0, 0, 0, 0, 0, 0, 0, 0, 0, 0, 0, 0, 0,\n",
       "       0, 0, 0, 0, 0, 0, 0, 0, 0, 0, 0, 0, 0, 0, 0, 0, 0, 0, 0, 0, 0, 0,\n",
       "       0, 0, 0, 0, 0, 0, 1, 1, 1, 1, 1, 1, 1, 1, 1, 1, 1, 1, 1, 1, 1, 1,\n",
       "       2, 1, 2, 1, 2, 1, 2, 1, 1, 1, 1, 1, 1, 1, 1, 1, 1, 2, 2, 1, 1, 1,\n",
       "       1, 1, 1, 1, 1, 1, 1, 1, 1, 1, 1, 1, 2, 2, 2, 2, 2, 2, 2, 2, 2, 2,\n",
       "       2, 2, 2, 2, 2, 2, 2, 2, 2, 2, 2, 2, 2, 2, 2, 2, 2, 2, 2, 2, 2, 2,\n",
       "       2, 2, 2, 2, 2, 2, 2, 2, 2, 2, 2, 2, 2, 2, 2, 2, 2, 2])"
      ]
     },
     "execution_count": 6,
     "metadata": {},
     "output_type": "execute_result"
    }
   ],
   "source": [
    "clf_sk.predict(x)"
   ]
  }
 ],
 "metadata": {
  "kernelspec": {
   "display_name": "Python 3",
   "language": "python",
   "name": "python3"
  },
  "language_info": {
   "codemirror_mode": {
    "name": "ipython",
    "version": 3
   },
   "file_extension": ".py",
   "mimetype": "text/x-python",
   "name": "python",
   "nbconvert_exporter": "python",
   "pygments_lexer": "ipython3",
   "version": "3.6.5"
  }
 },
 "nbformat": 4,
 "nbformat_minor": 2
}
